5c5
< 0x0040 : 00 00 01 00 00 00 01 00 00 00 01 00 00 00 01 00 00 00 01 00 00 00 01 00 00 00 01 00 00 00 01 00 00 00 01 00 00 00 01 00 00 00 0f 09 ff e3 01 00 00 26 56 0c ff c4 01 ff ff ff ff 03 70 02 ff e8 
---
> 0x0040 : 00 00 01 00 00 00 01 00 00 00 02 00 00 00 02 00 00 00 02 00 00 00 02 00 00 00 02 00 00 00 02 00 00 00 02 00 00 00 02 00 00 00 0f 09 ff e3 01 00 00 26 56 0c ff c4 01 ff ff ff ff 03 70 02 ff e8 
35c35
< 0x07c0 : 00 00 01 00 00 00 01 00 00 00 01 00 00 00 01 00 00 00 01 00 00 00 01 00 00 00 01 00 00 00 01 00 00 00 01 00 00 00 01 00 00 00 01 00 00 00 01 00 00 00 01 00 00 00 01 00 00 00 01 00 00 00 01 00 
---
> 0x07c0 : 00 00 01 00 00 00 02 00 00 00 02 00 00 00 02 00 00 00 02 00 00 00 02 00 00 00 02 00 00 00 02 00 00 00 02 00 00 00 02 00 00 00 02 00 00 00 02 00 00 00 02 00 00 00 02 00 00 00 02 00 00 00 02 00 
37c37
< 0x0840 : 00 00 01 00 00 00 01 00 00 00 01 00 00 00 01 00 00 00 01 00 00 00 01 00 00 00 01 00 00 00 01 00 00 00 01 00 00 00 01 00 00 00 0f 09 ff e3 01 00 00 26 56 0c ff c4 01 ff ff ff fe 03 70 02 ff e8 
---
> 0x0840 : 00 00 01 00 00 00 01 00 00 00 02 00 00 00 02 00 00 00 02 00 00 00 02 00 00 00 02 00 00 00 02 00 00 00 02 00 00 00 02 00 00 00 0f 09 ff e3 01 00 00 26 56 0c ff c4 01 ff ff ff fe 03 70 02 ff e8 
67c67
< 0x0fc0 : 00 00 01 00 00 00 01 00 00 00 01 00 00 00 01 00 00 00 01 00 00 00 01 00 00 00 01 00 00 00 01 00 00 00 01 00 00 00 01 00 00 00 01 00 00 00 01 00 00 00 01 00 00 00 01 00 00 00 01 00 00 00 01 00 
---
> 0x0fc0 : 00 00 01 00 00 00 02 00 00 00 02 00 00 00 02 00 00 00 02 00 00 00 02 00 00 00 02 00 00 00 02 00 00 00 02 00 00 00 02 00 00 00 02 00 00 00 02 00 00 00 02 00 00 00 02 00 00 00 02 00 00 00 02 00 
