Introducing contestants...
* Player 1, weighing 264 bytes, "Xx_DaRk_SaSuKe_93_xX" ("The Dirty Hamster") !
* Player 2, weighing 264 bytes, "Xx_DaRk_SaSuKe_93_xX" ("The Dirty Hamster") !
* Player 3, weighing 264 bytes, "Xx_DaRk_SaSuKe_93_xX" ("The Dirty Hamster") !
* Player 4, weighing 430 bytes, "bigzork" ("I know i cant win") !
0x0000 : ff fb 02 00 eb 03 70 0f ff fb 02 90 00 00 00 0f ff fb 02 00 00 00 01 0f ff fb 02 ff fe 70 0d 0f ff fb 02 00 00 0b 02 0f ff fb 02 00 10 09 00 0f ff fb 02 96 7f 0f ff 0f ff fb 02 fd 09 02 d0 0f 
0x0040 : ff fb 02 d0 ff ef 08 0f ff fb 02 01 2c 0a 0c 0f ff fb 02 0f 42 3f 0c 0f ff fb 02 00 00 00 00 0f ff fb 02 03 70 01 00 0f ff fb 02 00 3a 03 70 0f ff fb 02 70 01 00 3a 03 70 01 00 3a 03 70 01 00 
0x0080 : 3a 03 70 01 00 3a 03 70 01 00 3a 03 70 01 00 3a 03 70 01 00 3a 02 90 00 00 00 00 10 01 ff ff ff ff 01 ff ff ff ff 01 ff ff ff ff 01 ff ff ff ff 01 ff ff ff ff 01 ff ff ff ff 01 ff ff ff ff 01 
0x00c0 : ff ff ff ff 01 ff ff ff ff 01 ff ff ff ff 09 ff ce 01 ff ff ff ff 05 0f ff fb 02 0b 54 09 0a 0d 02 90 00 00 00 00 10 09 ff ea 01 ff ff ff ff 04 54 0b 0f 0b 0b 54 07 0a 01 00 98 96 0a 0b 02 90 
0x0100 : 00 00 00 00 10 09 ff e5 00 00 00 00 00 00 00 00 00 00 00 00 00 00 00 00 00 00 00 00 00 00 00 00 00 00 00 00 00 00 00 00 00 00 00 00 00 00 00 00 00 00 00 00 00 00 00 00 00 00 00 00 00 00 00 00 
0x0140 : 00 00 00 00 00 00 00 00 00 00 00 00 00 00 00 00 00 00 00 00 00 00 00 00 00 00 00 00 00 00 00 00 00 00 00 00 00 00 00 00 00 00 00 00 00 00 00 00 00 00 00 00 00 00 00 00 00 00 00 00 00 00 00 00 
0x0180 : 00 00 00 00 00 00 00 00 00 00 00 00 00 00 00 00 00 00 00 00 00 00 00 00 00 00 00 00 00 00 00 00 00 00 00 00 00 00 00 00 00 00 00 00 00 00 00 00 00 00 00 00 00 00 00 00 00 00 00 00 00 00 00 00 
0x01c0 : 00 00 00 00 00 00 00 00 00 00 00 00 00 00 00 00 00 00 00 00 00 00 00 00 00 00 00 00 00 00 00 00 00 00 00 00 00 00 00 00 00 00 00 00 00 00 00 00 00 00 00 00 00 00 00 00 00 00 00 00 00 00 00 00 
0x0200 : 00 00 00 00 00 00 00 00 00 00 00 00 00 00 00 00 00 00 00 00 00 00 00 00 00 00 00 00 00 00 00 01 00 98 96 00 00 00 00 00 01 00 98 96 00 00 98 96 01 00 98 96 00 00 98 96 01 00 98 96 00 00 98 96 
0x0240 : 01 00 98 96 00 00 98 96 01 00 98 96 00 00 98 96 01 00 98 96 00 00 98 96 01 00 98 96 00 00 98 96 01 00 98 96 00 00 98 96 01 00 98 96 00 00 98 96 01 00 98 96 00 00 98 96 01 00 98 96 00 00 98 96 
0x0280 : 01 00 98 96 00 00 98 96 01 00 98 96 00 00 98 96 01 00 98 96 00 00 98 96 01 00 98 96 00 00 98 96 01 00 98 96 00 00 98 96 01 00 98 96 00 00 98 96 01 00 98 96 00 00 98 96 01 00 98 96 00 00 98 96 
0x02c0 : 01 00 98 96 00 00 98 96 01 00 98 96 00 00 98 96 01 00 98 96 00 00 98 96 01 00 98 96 00 00 98 0f ff fb 02 96 00 00 98 0f ff fb 02 96 00 00 98 0f ff fb 02 96 00 00 98 0f ff fb 02 00 00 00 00 0f 
0x0300 : ff fb 02 00 00 00 00 0f ff fb 02 00 00 00 00 0f ff fb 02 00 00 00 00 0f ff fb 02 00 00 00 00 0f ff fb 02 00 00 00 00 0f ff fb 02 00 00 00 00 0f ff fb 02 00 00 00 00 0f ff fb 02 00 00 00 00 0f 
0x0340 : ff fb 02 00 00 00 00 0f ff fb 02 00 00 00 00 0f ff fb 02 00 00 00 00 0f ff fb 02 00 00 00 00 0f ff fb 02 00 00 00 00 0f ff fb 02 00 00 00 00 0f ff fb 02 00 00 00 00 0f ff fb 02 00 00 00 00 0f 
0x0380 : ff fb 02 00 00 00 00 0f ff fb 02 00 00 00 00 0f ff fb 02 00 00 00 00 0f ff fb 02 00 00 00 00 0f ff fb 02 00 00 00 00 0f ff fb 02 00 00 00 00 0f ff fb 02 00 00 00 00 0f ff fb 02 00 00 00 00 0f 
0x03c0 : ff fb 02 00 00 00 00 0f ff fb 02 00 00 00 00 0f ff fb 02 00 00 00 00 0f ff fb 02 00 00 00 00 0f ff fb 02 00 00 00 00 0f ff fb 02 00 00 00 00 0f ff fb 02 00 00 00 00 0f ff fb 02 00 00 00 00 0f 
0x0400 : ff fb 02 00 eb 03 70 0f ff fb 02 90 00 00 00 0f ff fb 02 00 00 00 01 0f ff fb 02 ff fe 70 0d 0f ff fb 02 00 00 0b 02 0f ff fb 02 00 10 09 00 0f ff fb 02 96 7f 0f ff 0f ff fb 02 fd 09 02 d0 0f 
0x0440 : ff fb 02 d0 ff ef 08 0f ff fb 02 01 2c 0a 0c 0f ff fb 02 0f 42 3f 0c 0f ff fb 02 00 00 00 00 0f ff fb 02 03 70 01 00 0f ff fb 02 00 3a 03 70 0f ff fb 02 70 01 00 3a 03 70 01 00 3a 03 70 01 00 
0x0480 : 3a 03 70 01 00 3a 03 70 01 00 3a 03 70 01 00 3a 03 70 01 00 3a 02 90 00 00 00 00 10 01 ff ff ff fe 01 ff ff ff fe 01 ff ff ff fe 01 ff ff ff fe 01 ff ff ff fe 01 ff ff ff fe 01 ff ff ff fe 01 
0x04c0 : ff ff ff fe 01 ff ff ff fe 01 ff ff ff fe 09 ff ce 01 ff ff ff fe 05 0f ff fb 02 0b 54 09 0a 0d 02 90 00 00 00 00 10 09 ff ea 01 ff ff ff fe 04 54 0b 0f 0b 0b 54 07 0a 01 00 98 96 0a 0b 02 90 
0x0500 : 00 00 00 00 10 09 ff e5 00 00 00 00 00 00 00 00 00 00 00 00 00 00 00 00 00 00 00 00 00 00 00 00 00 00 00 00 00 00 00 00 00 00 00 00 00 00 00 00 00 00 00 00 00 00 00 00 00 00 00 00 00 00 00 00 
0x0540 : 00 00 00 00 00 00 00 00 00 00 00 00 00 00 00 00 00 00 00 00 00 00 00 00 00 00 00 00 00 00 00 00 00 00 00 00 00 00 00 00 00 00 00 00 00 00 00 00 00 00 00 00 00 00 00 00 00 00 00 00 00 00 00 00 
0x0580 : 00 00 00 00 00 00 00 00 00 00 00 00 00 00 00 00 00 00 00 00 00 00 00 00 00 00 00 00 00 00 00 00 00 00 00 00 00 00 00 00 00 00 00 00 00 00 00 00 00 00 00 00 00 00 00 00 00 00 00 00 00 00 00 00 
0x05c0 : 00 00 00 00 00 00 00 00 00 00 00 00 00 00 00 00 00 00 00 00 00 00 00 00 00 00 00 00 00 00 00 00 00 00 00 00 00 00 00 00 00 00 00 00 00 00 00 00 00 00 00 00 00 00 00 00 00 00 00 00 00 00 00 00 
0x0600 : 00 00 00 00 00 00 00 00 00 00 00 00 00 00 00 00 00 00 00 00 00 00 00 00 00 00 00 00 00 00 01 00 98 96 00 00 00 00 00 00 01 00 98 96 00 00 98 96 01 00 98 96 00 00 98 96 01 00 98 96 00 00 98 96 
0x0640 : 01 00 98 96 00 00 98 96 01 00 98 96 00 00 98 96 01 00 98 96 00 00 98 96 01 00 98 96 00 00 98 96 01 00 98 96 00 00 98 96 01 00 98 96 00 00 98 96 01 00 98 96 00 00 98 96 01 00 98 96 00 00 98 96 
0x0680 : 01 00 98 96 00 00 98 96 01 00 98 96 00 00 98 96 01 00 98 96 00 00 98 96 01 00 98 96 00 00 98 96 01 00 98 96 00 00 98 96 01 00 98 96 00 00 98 96 01 00 98 96 00 00 98 96 01 00 98 96 00 00 98 96 
0x06c0 : 01 00 98 96 00 00 98 96 01 00 98 96 00 00 98 96 01 00 98 96 00 00 98 96 01 00 98 96 00 00 98 0f ff fb 02 96 00 00 98 0f ff fb 02 96 00 00 98 0f ff fb 02 96 00 00 98 0f ff fb 02 00 00 00 00 0f 
0x0700 : ff fb 02 00 00 00 00 0f ff fb 02 00 00 00 00 0f ff fb 02 00 00 00 00 0f ff fb 02 00 00 00 00 0f ff fb 02 00 00 00 00 0f ff fb 02 00 00 00 00 0f ff fb 02 00 00 00 00 0f ff fb 02 00 00 00 00 0f 
0x0740 : ff fb 02 00 00 00 00 0f ff fb 02 00 00 00 00 0f ff fb 02 00 00 00 00 0f ff fb 02 00 00 00 00 0f ff fb 02 00 00 00 00 0f ff fb 02 00 00 00 00 0f ff fb 02 00 00 00 00 0f ff fb 02 00 00 00 00 0f 
0x0780 : ff fb 02 00 00 00 00 0f ff fb 02 00 00 00 00 0f ff fb 02 00 00 00 00 0f ff fb 02 00 00 00 00 0f ff fb 02 00 00 00 00 0f ff fb 02 00 00 00 00 0f ff fb 02 00 00 00 00 0f ff fb 02 00 00 00 00 0f 
0x07c0 : ff fb 02 00 00 00 00 0f ff fb 02 00 00 00 00 0f ff fb 02 00 00 00 00 0f ff fb 02 00 00 00 00 0f ff fb 02 00 00 00 00 0f ff fb 02 00 00 00 00 0f ff fb 02 00 00 00 00 0f ff fb 02 00 00 00 00 0f 
0x0800 : ff fb 02 00 eb 03 70 0f ff fb 02 90 00 00 00 0f ff fb 02 00 00 00 01 0f ff fb 02 ff fe 70 0d 0f ff fb 02 00 00 0b 02 0f ff fb 02 00 10 09 00 0f ff fb 02 96 7f 0f ff 0f ff fb 02 fd 09 02 d0 0f 
0x0840 : ff fb 02 d0 ff ef 08 0f ff fb 02 01 2c 0a 0c 0f ff fb 02 0f 42 3f 0c 0f ff fb 02 00 00 00 00 0f ff fb 02 03 70 01 00 0f ff fb 02 00 3a 03 70 0f ff fb 02 70 01 00 3a 03 70 01 00 3a 03 70 01 00 
0x0880 : 3a 03 70 01 00 3a 03 70 01 00 3a 03 70 01 00 3a 03 70 01 00 3a 02 90 00 00 00 00 10 01 ff ff ff fd 01 ff ff ff fd 01 ff ff ff fd 01 ff ff ff fd 01 ff ff ff fd 01 ff ff ff fd 01 ff ff ff fd 01 
0x08c0 : ff ff ff fd 01 ff ff ff fd 01 ff ff ff fd 09 ff ce 01 ff ff ff fd 05 0f ff fb 02 0b 54 09 0a 0d 02 90 00 00 00 00 10 09 ff ea 01 ff ff ff fd 04 54 0b 0f 0b 0b 54 07 0a 01 00 98 96 0a 0b 02 90 
0x0900 : 00 00 00 00 10 09 ff e5 00 00 00 00 00 00 00 00 00 00 00 00 00 00 00 00 00 00 00 00 00 00 00 00 00 00 00 00 00 00 00 00 00 00 00 00 00 00 00 00 00 00 00 00 00 00 00 00 00 00 00 00 00 00 00 00 
0x0940 : 00 00 00 00 00 00 00 00 00 00 00 00 00 00 00 00 00 00 00 00 00 00 00 00 00 00 00 00 00 00 00 00 00 00 00 00 00 00 00 00 00 00 00 00 00 00 00 00 00 00 00 00 00 00 00 00 00 00 00 00 00 00 00 00 
0x0980 : 00 00 00 00 00 00 00 00 00 00 00 00 00 00 00 00 00 00 00 00 00 00 00 00 00 00 00 00 00 00 00 00 00 00 00 00 00 00 00 00 00 00 00 00 00 00 00 00 00 00 00 00 00 00 00 00 00 00 00 00 00 00 00 00 
0x09c0 : 00 00 00 00 00 00 00 00 00 00 00 00 00 00 00 00 00 00 00 00 00 00 00 00 00 00 00 00 00 00 00 00 00 00 00 00 00 00 00 00 00 00 00 00 00 00 00 00 00 00 00 00 00 00 00 00 00 00 00 00 00 00 00 00 
0x0a00 : 00 00 00 00 00 00 00 00 00 00 00 00 00 00 00 00 00 00 00 00 00 00 00 00 00 00 00 00 00 01 00 98 96 00 00 00 00 00 00 00 01 00 98 96 00 00 98 96 01 00 98 96 00 00 98 96 01 00 98 96 00 00 98 96 
0x0a40 : 01 00 98 96 00 00 98 96 01 00 98 96 00 00 98 96 01 00 98 96 00 00 98 96 01 00 98 96 00 00 98 96 01 00 98 96 00 00 98 96 01 00 98 96 00 00 98 96 01 00 98 96 00 00 98 96 01 00 98 96 00 00 98 96 
0x0a80 : 01 00 98 96 00 00 98 96 01 00 98 96 00 00 98 96 01 00 98 96 00 00 98 96 01 00 98 96 00 00 98 96 01 00 98 96 00 00 98 96 01 00 98 96 00 00 98 96 01 00 98 96 00 00 98 96 01 00 98 96 00 00 98 96 
0x0ac0 : 01 00 98 96 00 00 98 96 01 00 98 96 00 00 98 96 01 00 98 96 00 00 98 96 01 00 98 96 00 00 98 96 01 00 98 96 00 00 98 96 01 00 98 96 00 00 98 96 01 00 98 96 00 00 98 96 7f 00 00 00 00 00 00 00 
0x0b00 : 00 00 00 00 00 00 00 00 00 00 00 00 00 00 00 00 00 00 00 00 00 00 00 00 00 00 00 00 00 00 00 00 00 00 00 00 00 00 00 00 00 00 00 00 00 00 00 00 00 00 00 00 00 00 00 00 00 00 00 00 00 00 00 00 
0x0b40 : 00 00 00 00 00 00 00 00 00 00 00 00 00 00 00 00 00 00 00 00 00 00 00 00 00 00 00 00 00 00 00 00 00 00 00 00 00 00 00 00 00 00 00 00 00 00 00 00 00 00 00 00 00 00 00 00 00 00 00 00 00 00 00 00 
0x0b80 : 00 00 00 00 00 00 00 00 00 00 00 00 00 00 00 00 00 00 00 00 00 00 00 00 00 00 00 00 00 00 00 00 00 00 00 00 00 00 00 00 00 00 00 00 00 00 00 00 00 00 00 00 00 00 00 00 00 00 00 00 00 00 00 00 
0x0bc0 : 00 00 00 00 00 00 00 00 00 00 00 00 00 00 00 00 00 00 00 00 00 00 00 00 00 00 00 00 00 00 00 00 00 00 00 00 00 00 00 00 00 00 00 00 00 00 00 00 00 00 00 00 00 00 00 00 00 00 00 00 00 00 00 00 
0x0c00 : 02 90 00 00 00 00 02 03 70 01 00 d3 03 70 01 00 d3 03 70 01 00 d3 03 70 01 00 d3 03 70 01 00 d3 03 70 01 00 d3 03 70 01 00 d3 03 70 01 00 d3 03 70 01 00 d3 03 70 01 00 d3 03 70 01 00 d3 03 70 
0x0c40 : 01 00 d3 03 70 01 00 d3 03 70 01 00 d3 03 70 01 00 d3 03 70 01 00 d3 03 70 01 00 d3 03 70 01 00 d3 03 70 01 00 d3 03 70 01 00 d3 03 70 01 00 d3 03 70 01 00 d3 03 70 01 00 d3 03 70 01 00 d3 03 
0x0c80 : 70 01 00 d3 03 70 01 00 d3 03 70 01 00 d3 03 70 01 00 d3 03 70 01 00 d3 03 70 01 00 d3 03 70 01 00 d3 03 70 01 00 d3 03 70 01 00 d3 03 70 01 00 d3 03 70 01 00 d3 03 70 01 00 d3 03 70 01 00 d3 
0x0cc0 : 03 70 01 00 d3 03 70 01 00 d3 03 70 01 00 d3 03 70 01 00 d3 03 70 01 00 d3 01 ff ff ff fd 01 ff ff ff fd 01 ff ff ff fd 01 ff ff ff fd 01 ff ff ff fd 01 ff ff ff fd 01 ff ff ff fd 01 ff ff ff 
0x0d00 : fd 01 ff ff ff fd 01 ff ff ff fd 01 ff ff ff fd 01 ff ff ff fd 01 ff ff ff fd 01 ff ff ff fd 01 ff ff ff fd 01 ff ff ff fd 01 ff ff ff fd 01 ff ff ff fd 01 ff ff ff fd 01 ff ff ff fd 01 ff ff 
0x0d40 : ff fd 01 ff ff ff fd 01 ff ff ff fd 01 ff ff ff fd 01 ff ff ff fd 01 ff ff ff fd 01 ff ff ff fd 01 ff ff ff fd 01 ff ff ff fd 01 ff ff ff fd 01 ff ff ff fd 01 ff ff ff fd 01 ff ff ff fd 01 ff 
0x0d80 : ff ff fd 01 ff ff ff fd 01 ff ff ff fd 01 ff ff ff fd 01 ff ff ff fd 01 ff ff ff fd 01 ff ff ff fd 01 ff ff ff fd 01 ff ff ff fd 09 ff 2e 00 00 00 00 00 00 00 00 00 00 00 00 00 00 00 00 00 00 
0x0dc0 : 00 00 00 00 00 00 00 00 00 00 00 00 00 00 00 00 00 00 00 00 00 00 00 00 00 00 00 00 00 00 00 00 00 00 00 00 00 00 00 00 00 00 00 00 00 00 00 00 00 00 00 00 00 00 00 00 00 00 00 00 00 00 00 00 
0x0e00 : 00 00 00 00 00 00 00 00 00 00 00 00 00 00 00 00 00 00 00 00 00 00 00 00 00 00 00 00 00 00 00 00 00 00 00 00 00 00 00 00 00 00 00 00 00 00 00 00 00 00 00 00 00 00 00 00 00 00 00 00 00 00 00 00 
0x0e40 : 00 00 00 00 00 00 00 00 00 00 00 00 00 00 00 00 00 00 00 00 00 00 00 00 00 00 00 00 00 00 00 00 00 00 00 00 00 00 00 00 00 00 00 00 00 00 00 00 00 00 00 00 00 00 00 00 00 00 00 00 00 00 00 00 
0x0e80 : 00 00 00 00 00 00 00 00 00 00 00 00 00 00 00 00 00 00 00 00 00 00 00 00 00 00 00 00 00 00 00 00 00 00 00 00 00 00 00 00 00 00 00 00 00 00 00 00 00 00 00 00 00 00 00 00 00 00 00 00 00 00 00 00 
0x0ec0 : 00 00 00 00 00 00 00 00 00 00 00 00 00 00 00 00 00 00 00 00 00 00 00 00 00 00 00 00 00 00 00 0f ff fb 02 00 00 00 00 0f ff fb 02 00 00 00 00 0f ff fb 02 00 00 00 00 0f ff fb 02 00 00 00 00 0f 
0x0f00 : ff fb 02 00 00 00 00 0f ff fb 02 00 00 00 00 0f ff fb 02 00 00 00 00 0f ff fb 02 00 00 00 00 0f ff fb 02 00 00 00 00 0f ff fb 02 00 00 00 00 0f ff fb 02 00 00 00 00 0f ff fb 02 00 00 00 00 0f 
0x0f40 : ff fb 02 00 00 00 00 0f ff fb 02 00 00 00 00 0f ff fb 02 00 00 00 00 0f ff fb 02 00 00 00 00 0f ff fb 02 00 00 00 00 0f ff fb 02 00 00 00 00 0f ff fb 02 00 00 00 00 0f ff fb 02 00 00 00 00 0f 
0x0f80 : ff fb 02 00 00 00 00 0f ff fb 02 00 00 00 00 0f ff fb 02 00 00 00 00 0f ff fb 02 00 00 00 00 0f ff fb 02 00 00 00 00 0f ff fb 02 00 00 00 00 0f ff fb 02 00 00 00 00 0f ff fb 02 00 00 00 00 0f 
0x0fc0 : ff fb 02 00 00 00 00 0f ff fb 02 00 00 00 00 0f ff fb 02 00 00 00 00 0f ff fb 02 00 00 00 00 0f ff fb 02 00 00 00 00 0f ff fb 02 00 00 00 00 0f ff fb 02 00 00 00 00 0f ff fb 02 00 00 00 00 0f 
